N=1000, TILE=100
naive(ms): 915.37
tile(ms):  529.433  (tile/naive = 0.578381)
mkl(ms):   13.8849  (mkl/naive  = 0.0151686)
