N=1000, TILE=100
naive(ms): 903.076
tile(ms):  519.629  (tile/naive = 0.575399)
mkl(ms):   40.4422  (mkl/naive  = 0.0447827)
