N=1000, TILE=100
naive(ms): 876.165
tile(ms):  527.463  (tile/naive = 0.602013)
mkl(ms):   22.3896  (mkl/naive  = 0.0255541)
